t(min)		RK4_C(t)		RK2_C(t)		|diff|
--------------------------------------------------------------
0.00		0.020000000	0.020000000	0.000000000
0.10		0.020901316	0.020901034	0.000000283
0.20		0.021842346	0.021841757	0.000000589
0.30		0.022824755	0.022823834	0.000000921
0.40		0.023850273	0.023848993	0.000001281
0.50		0.024920693	0.024919025	0.000001668
0.60		0.026037873	0.026035787	0.000002086
0.70		0.027203737	0.027201202	0.000002535
0.80		0.028420281	0.028417263	0.000003018
0.90		0.029689568	0.029686032	0.000003536
1.00		0.031013734	0.031009642	0.000004092
1.10		0.032394986	0.032390300	0.000004686
1.20		0.033835606	0.033830285	0.000005322
1.30		0.035337952	0.035331952	0.000006000
1.40		0.036904456	0.036897732	0.000006724
1.50		0.038537628	0.038530133	0.000007495
1.60		0.040240054	0.040231739	0.000008315
1.70		0.042014400	0.042005213	0.000009188
1.80		0.043863409	0.043853295	0.000010114
1.90		0.045789901	0.045778804	0.000011097
2.00		0.047796775	0.047784636	0.000012139
2.10		0.049887007	0.049873766	0.000013241
2.20		0.052063651	0.052049243	0.000014408
2.30		0.054329835	0.054314194	0.000015641
2.40		0.056688760	0.056671818	0.000016942
2.50		0.059143701	0.059125387	0.000018314
2.60		0.061698001	0.061678241	0.000019760
2.70		0.064355070	0.064333789	0.000021281
2.80		0.067118383	0.067095502	0.000022881
2.90		0.069991473	0.069966912	0.000024561
3.00		0.072977928	0.072951604	0.000026324
3.10		0.076081387	0.076053215	0.000028173
3.20		0.079305533	0.079275426	0.000030108
3.30		0.082654088	0.082621956	0.000032132
3.40		0.086130804	0.086096557	0.000034247
3.50		0.089739455	0.089703001	0.000036454
3.60		0.093483834	0.093445078	0.000038756
3.70		0.097367735	0.097326583	0.000041152
3.80		0.101394949	0.101351304	0.000043645
3.90		0.105569250	0.105523016	0.000046235
4.00		0.109894386	0.109845464	0.000048922
4.10		0.114374062	0.114322355	0.000051707
4.20		0.119011930	0.118957340	0.000054590
4.30		0.123811571	0.123754002	0.000057569
4.40		0.128776484	0.128715838	0.000060646
4.50		0.133910064	0.133846247	0.000063817
4.60		0.139215589	0.139148508	0.000067081
4.70		0.144696201	0.144625763	0.000070437
4.80		0.150354885	0.150281003	0.000073882
4.90		0.156194453	0.156117041	0.000077412
5.00		0.162217519	0.162136495	0.000081025
5.10		0.168426484	0.168341769	0.000084715
5.20		0.174823508	0.174735030	0.000088479
5.30		0.181410495	0.181318185	0.000092310
5.40		0.188189065	0.188092860	0.000096205
5.50		0.195160536	0.195060381	0.000100155
5.60		0.202325900	0.202221745	0.000104155
5.70		0.209685802	0.209577605	0.000108197
5.80		0.217240518	0.217128245	0.000112273
5.90		0.224989934	0.224873558	0.000116376
6.00		0.232933525	0.232813030	0.000120495
6.10		0.241070337	0.240945715	0.000124622
6.20		0.249398970	0.249270222	0.000128748
6.30		0.257917557	0.257784696	0.000132861
6.40		0.266623755	0.266486802	0.000136953
6.50		0.275514726	0.275373714	0.000141012
6.60		0.284587129	0.284442102	0.000145027
6.70		0.293837112	0.293688124	0.000148988
6.80		0.303260303	0.303107420	0.000152883
6.90		0.312851807	0.312695106	0.000156701
7.00		0.322606210	0.322445778	0.000160432
7.10		0.332517572	0.332353507	0.000164065
7.20		0.342579441	0.342411853	0.000167588
7.30		0.352784858	0.352613866	0.000170992
7.40		0.363126368	0.362952102	0.000174266
7.50		0.373596040	0.373418639	0.000177401
7.60		0.384185479	0.384005091	0.000180388
7.70		0.394885855	0.394702637	0.000183218
7.80		0.405687923	0.405502040	0.000185883
7.90		0.416582056	0.416393679	0.000188377
8.00		0.427558271	0.427367580	0.000190691
8.10		0.438606271	0.438413449	0.000192822
8.20		0.449715474	0.449520712	0.000194762
8.30		0.460875059	0.460678550	0.000196509
8.40		0.472074002	0.471875942	0.000198060
8.50		0.483301123	0.483101712	0.000199410
8.60		0.494545126	0.494344566	0.000200560
8.70		0.505794650	0.505593143	0.000201508
8.80		0.517038310	0.516836057	0.000202253
8.90		0.528264744	0.528061947	0.000202798
9.00		0.539462662	0.539259519	0.000203143
9.10		0.550620885	0.550417595	0.000203290
9.20		0.561728397	0.561525153	0.000203244
9.30		0.572774382	0.572571375	0.000203007
9.40		0.583748268	0.583545684	0.000202584
9.50		0.594639763	0.594437784	0.000201979
9.60		0.605438899	0.605237700	0.000201199
9.70		0.616136057	0.615935809	0.000200248
9.80		0.626722006	0.626522872	0.000199134
9.90		0.637187927	0.636990065	0.000197862
10.00		0.647525441	0.647329001	0.000196440
10.10		0.657726628	0.657531754	0.000194874
10.20		0.667784051	0.667590879	0.000193172
10.30		0.677690763	0.677499422	0.000191341
10.40		0.687440330	0.687250940	0.000189389
10.50		0.697026827	0.696839504	0.000187323
10.60		0.706444855	0.706259704	0.000185151
10.70		0.715689535	0.715506655	0.000182880
10.80		0.724756512	0.724575995	0.000180517
10.90		0.733641948	0.733463877	0.000178070
11.00		0.742342517	0.742166971	0.000175546
11.10		0.750855399	0.750682446	0.000172953
11.20		0.759178263	0.759007967	0.000170296
11.30		0.767309257	0.767141675	0.000167582
11.40		0.775246994	0.775082175	0.000164819
11.50		0.782990534	0.782828523	0.000162011
11.60		0.790539365	0.790380199	0.000159167
11.70		0.797893385	0.797737096	0.000156290
11.80		0.805052881	0.804899495	0.000153386
11.90		0.812018509	0.811868047	0.000150462
12.00		0.818791271	0.818643749	0.000147522
12.10		0.825372495	0.825227924	0.000144571
12.20		0.831763809	0.831622196	0.000141613
12.30		0.837967126	0.837828473	0.000138653
12.40		0.843984613	0.843848918	0.000135696
12.50		0.849818678	0.849685934	0.000132744
12.60		0.855471941	0.855342139	0.000129802
12.70		0.860947220	0.860820346	0.000126873
12.80		0.866247504	0.866123543	0.000123961
12.90		0.871375941	0.871254872	0.000121068
13.00		0.876335811	0.876217613	0.000118198
13.10		0.881130514	0.881015161	0.000115353
13.20		0.885763550	0.885651015	0.000112535
13.30		0.890238504	0.890128758	0.000109747
13.40		0.894559030	0.894452039	0.000106991
13.50		0.898728833	0.898624565	0.000104268
13.60		0.902751663	0.902650081	0.000101581
13.70		0.906631294	0.906532362	0.000098932
13.80		0.910371517	0.910275196	0.000096321
13.90		0.913976128	0.913882379	0.000093749
14.00		0.917448917	0.917357698	0.000091219
14.10		0.920793659	0.920704928	0.000088731
14.20		0.924014105	0.923927819	0.000086286
14.30		0.927113976	0.927030092	0.000083885
14.40		0.930096954	0.930015427	0.000081528
14.50		0.932966676	0.932887460	0.000079215
14.60		0.935726728	0.935649779	0.000076949
14.70		0.938380643	0.938305915	0.000074727
14.80		0.940931892	0.940859340	0.000072552
14.90		0.943383884	0.943313461	0.000070423
15.00		0.945739960	0.945671620	0.000068340
15.10		0.948003392	0.947937089	0.000066303
15.20		0.950177381	0.950113068	0.000064312
15.30		0.952265051	0.952202684	0.000062367
15.40		0.954269454	0.954208986	0.000060468
15.50		0.956193563	0.956134949	0.000058614
15.60		0.958040275	0.957983470	0.000056805
15.70		0.959812409	0.959757368	0.000055041
15.80		0.961512705	0.961459384	0.000053321
15.90		0.963143826	0.963092180	0.000051645
16.00		0.964708355	0.964658343	0.000050012
16.10		0.966208801	0.966160379	0.000048422
16.20		0.967647594	0.967600720	0.000046874
16.30		0.969027089	0.968981721	0.000045368
16.40		0.970349565	0.970305663	0.000043902
16.50		0.971617228	0.971574751	0.000042477
16.60		0.972832211	0.972791120	0.000041091
16.70		0.973996576	0.973956832	0.000039744
16.80		0.975112316	0.975073880	0.000038436
16.90		0.976181352	0.976144188	0.000037164
17.00		0.977205542	0.977169612	0.000035930
17.10		0.978186676	0.978151945	0.000034732
17.20		0.979126482	0.979092914	0.000033568
17.30		0.980026624	0.979994185	0.000032440
17.40		0.980888707	0.980857362	0.000031344
17.50		0.981714274	0.981683992	0.000030282
17.60		0.982504815	0.982475563	0.000029253
17.70		0.983261762	0.983233508	0.000028254
17.80		0.983986492	0.983959205	0.000027287
17.90		0.984680332	0.984653983	0.000026349
18.00		0.985344557	0.985319116	0.000025441
18.10		0.985980392	0.985955831	0.000024561
18.20		0.986589017	0.986565308	0.000023709
18.30		0.987171564	0.987148680	0.000022884
18.40		0.987729120	0.987707035	0.000022085
18.50		0.988262733	0.988241420	0.000021312
18.60		0.988773404	0.988752840	0.000020564
18.70		0.989262098	0.989242257	0.000019840
18.80		0.989729740	0.989710600	0.000019140
18.90		0.990177218	0.990158755	0.000018463
19.00		0.990605384	0.990587576	0.000017808
19.10		0.991015057	0.990997882	0.000017175
19.20		0.991407020	0.991390457	0.000016563
19.30		0.991782025	0.991766054	0.000015971
19.40		0.992140795	0.992125396	0.000015399
19.50		0.992484020	0.992469174	0.000014846
19.60		0.992812365	0.992798053	0.000014312
19.70		0.993126465	0.993112669	0.000013796
19.80		0.993426930	0.993413632	0.000013298
19.90		0.993714344	0.993701527	0.000012816
20.00		0.993989266	0.993976914	0.000012352
20.10		0.994252233	0.994240331	0.000011903
20.20		0.994503759	0.994492290	0.000011469
20.30		0.994744337	0.994733286	0.000011051
20.40		0.994974437	0.994963790	0.000010647
20.50		0.995194512	0.995184254	0.000010257
20.60		0.995404994	0.995395113	0.000009881
20.70		0.995606297	0.995596779	0.000009518
20.80		0.995798819	0.995789651	0.000009168
20.90		0.995982939	0.995974109	0.000008830
21.00		0.996159021	0.996150517	0.000008504
21.10		0.996327413	0.996319224	0.000008189
21.20		0.996488448	0.996480562	0.000007886
21.30		0.996642447	0.996634853	0.000007593
21.40		0.996789713	0.996782402	0.000007311
21.50		0.996930540	0.996923501	0.000007039
21.60		0.997065208	0.997058431	0.000006777
21.70		0.997193984	0.997187460	0.000006524
21.80		0.997317124	0.997310844	0.000006280
21.90		0.997434875	0.997428829	0.000006045
22.00		0.997547470	0.997541651	0.000005819
22.10		0.997655134	0.997649534	0.000005601
22.20		0.997758083	0.997752693	0.000005390
22.30		0.997856521	0.997851334	0.000005187
22.40		0.997950647	0.997945654	0.000004992
22.50		0.998040647	0.998035843	0.000004804
22.60		0.998126702	0.998122079	0.000004623
22.70		0.998208984	0.998204536	0.000004448
22.80		0.998287658	0.998283378	0.000004280
22.90		0.998362882	0.998358764	0.000004118
23.00		0.998434807	0.998430845	0.000003961
23.10		0.998503576	0.998499765	0.000003811
23.20		0.998569328	0.998565662	0.000003666
23.30		0.998632195	0.998628668	0.000003527
23.40		0.998692303	0.998688911	0.000003393
23.50		0.998749773	0.998746510	0.000003263
23.60		0.998804721	0.998801582	0.000003139
23.70		0.998857256	0.998854237	0.000003019
23.80		0.998907485	0.998904581	0.000002903
23.90		0.998955508	0.998952716	0.000002792
24.00		0.999001422	0.998998737	0.000002685
24.10		0.999045320	0.999042738	0.000002582
24.20		0.999087290	0.999084807	0.000002483
24.30		0.999127417	0.999125029	0.000002388
24.40		0.999165781	0.999163484	0.000002296
24.50		0.999202459	0.999200251	0.000002208
24.60		0.999237526	0.999235403	0.000002123
24.70		0.999271052	0.999269011	0.000002041
24.80		0.999303106	0.999301143	0.000001962
24.90		0.999333750	0.999331864	0.000001886
25.00		0.999363048	0.999361235	0.000001813
